$ 1 0.000005 10.20027730826997 50 5 43 5e-11
R -304 128 -352 128 0 6 40 1.1 0 0 0.5
R -208 48 -208 0 0 0 40 5 0 0 0.5
g -208 208 -208 240 0 0
r -208 48 -208 128 0 47000
r -208 128 -208 208 0 47000
w -208 128 -144 128 0
c -304 128 -208 128 4 0.0000022 -3.9395221646590817 0.001 0
409 -96 112 64 112 1 20 -2.302581224705254 0.23 0
R -16 48 -16 0 0 0 40 5 0 0 0.5
w -16 48 -16 80 0
g -16 144 -16 208 0 0
w -144 128 -96 128 0
c 64 112 160 112 4 1e-7 1.9545948890562632 0.001 0
w 160 112 224 112 0
r 160 112 160 192 0 47000
r 160 32 160 112 0 47000
g 160 192 160 224 0 0
R 160 32 160 -16 0 0 40 3.3 0 0 0.5
r 224 112 320 112 0 150
c 320 112 320 32 4 1e-10 1.0394575104846238 0.001 0.1
w 320 112 400 112 0
g 320 32 320 0 0 0
O 400 112 432 112 0 0
w 64 112 64 -32 0
w 64 -32 -96 -32 0
w -96 -32 -96 96 0
o 22 64 0 4098 5 0.1 0 1
